0 283 cities_included ID_2
1 8         1.30670565
1 179         1.26251792
1 5        0.456777299
1 15        0.863982384
2 6         1.15189732
2 8         1.10687549
2 10        0.485108463
2 14        0.845182744
3 130         1.10290469
3 9         1.02609702
3 125        0.582481592
3 7        0.955259271
5 8         1.18568217
5 16         1.16549005
5 1        0.456777299
5 15        0.425478025
6 174         1.08897274
6 13        0.610383125
6 16        0.908258836
6 166        0.503032867
7 12         1.35333784
7 130         1.33751252
7 3        0.955259271
7 10         1.21502786
8 2         1.10687549
8 15         1.05284998
8 10        0.836667501
8 12        0.712139223
9 3         1.02609702
9 259         1.00328157
9 14        0.351263738
9 172        0.547027646
10 14         1.02087741
10 12         1.01152662
10 2        0.485108463
10 8        0.836667501
11 17         1.29475881
11 5          1.2720166
11 179         1.24417894
11 340        0.910294762
12 7         1.35333784
12 1         1.32433907
12 8        0.712139223
12 10         1.01152662
13 17        0.771939623
13 6        0.610383125
13 16        0.326266205
13 166        0.484019079
14 10         1.02087741
14 2        0.845182744
14 9        0.351263738
14 172        0.645492254
15 17        0.947068774
15 1        0.863982384
15 5        0.425478025
15 16        0.742617442
16 166        0.793953475
16 15        0.742617442
16 13        0.326266205
16 17        0.525389013
17 166         1.11865968
17 15        0.947068774
17 16        0.525389013
17 13        0.771939623
18 91         1.65803043
18 90         1.39643964
18 95        0.460366756
18 295         1.14094113
19 290         1.36411216
19 282         1.30760649
19 285         1.34888867
19 278        0.896427653
20 25          1.3515974
20 22          1.2546968
20 23        0.642855601
20 24        0.684537127
21 26         1.34147212
21 27         1.22731272
21 52         1.19101261
21 28        0.844530945
22 24          1.4492327
22 23         1.37035967
22 26        0.658231772
22 20          1.2546968
23 343         1.75865049
23 22         1.37035967
23 20        0.642855601
23 24         1.32719446
24 27         1.33882448
24 23         1.32719446
24 25        0.668261062
24 20        0.684537127
25 20          1.3515974
25 28         1.09037166
25 27        0.706452368
25 24        0.668261062
26 20         1.66872136
26 24          1.5906136
26 22        0.658231772
26 21         1.34147212
27 24         1.33882448
27 21         1.22731272
27 28         0.44412604
27 25        0.706452368
28 43          1.3349362
28 25         1.09037166
28 27         0.44412604
28 21        0.844530945
29 41         2.04056535
29 225         1.42601672
29 35        0.571168211
29 30         1.08046071
30 221         1.67361942
30 40         1.48547504
30 35        0.926223356
30 29         1.08046071
32 233         4.70310628
32 33         4.09455634
32 42          2.3199211
32 34        0.208259877
33 29         2.77533789
33 233         1.94614696
33 42         1.78503638
33 41        0.743140475
34 41         4.51955713
34 33         3.88787423
34 42          2.1154553
34 32        0.208259877
35 233          2.1299603
35 225         1.98168893
35 29        0.571168211
35 30        0.926223356
37 236         2.12705479
37 284          1.9481732
37 40         1.42787389
37 279         1.33455487
38 40         1.34489634
38 235         1.31210833
38 221        0.634005147
38 39        0.991929361
39 238         1.53562424
39 221         1.43392662
39 38        0.991929361
39 235         1.40584352
40 221         1.52459838
40 30         1.48547504
40 38         1.34489634
40 37         1.42787389
41 35         2.21733176
41 29         2.04056535
41 33        0.743140475
41 233         1.56795476
42 41         2.40485986
42 32          2.3199211
42 33         1.78503638
42 34          2.1154553
43 28          1.3349362
43 52        0.805477303
43 50        0.272770649
43 54        0.309223639
44 45        0.629908423
44 62         0.61959528
44 46        0.498827047
44 57        0.568344475
45 44        0.629908423
45 62        0.573468427
45 46        0.178882122
45 49        0.444952493
46 53         0.59106455
46 49        0.580301236
46 44        0.498827047
46 45        0.178882122
47 57         1.36244681
47 44         1.19267641
47 48        0.694041607
47 55          1.1717469
48 55         1.01165257
48 57        0.671861865
48 47        0.694041607
48 44        0.671072242
49 63        0.582170742
49 45        0.444952493
49 46        0.580301236
49 62        0.317045296
50 55         1.25632566
50 52        0.779280258
50 43        0.272770649
50 54        0.367125244
51 59         1.67971912
51 77         1.23846686
51 58         1.07483438
51 60        0.688675355
52 21         1.19101261
52 54         1.08942954
52 50        0.779280258
52 43        0.805477303
53 44        0.959774506
53 61        0.867707025
53 46         0.59106455
53 45        0.663765357
54 55         1.42499676
54 52         1.08942954
54 43        0.309223639
54 50        0.367125244
55 57         1.33919602
55 50         1.25632566
55 47          1.1717469
55 48         1.01165257
56 177         1.68120993
56 47         1.53473543
56 151         1.12336205
56 53         1.25073643
57 48        0.671861865
57 62        0.665643012
57 44        0.568344475
57 63        0.553395344
58 49         1.31488693
58 61         1.28294095
58 59         1.05845021
58 51         1.07483438
59 45         1.08228654
59 58         1.05845021
59 76        0.949950719
59 61         0.44022485
60 77         1.39439953
60 65          1.2567104
60 51        0.688675355
60 87         1.23332376
61 46        0.804179983
61 45        0.657503669
61 49        0.774637163
61 59         0.44022485
62 44         0.61959528
62 45        0.573468427
62 63        0.306480922
62 49        0.317045296
63 44        0.771067392
63 49        0.582170742
63 62        0.306480922
63 57        0.553395344
64 78         2.44471761
64 74          2.0583972
64 66         1.69815791
64 70         1.66645554
65 74         1.53343238
65 60          1.2567104
65 67        0.793370535
65 75        0.683278378
66 64         1.69815791
66 75         1.34866846
66 74          1.0940822
66 67         1.20589179
67 66         1.20589179
67 74         1.12967648
67 65        0.793370535
67 75         0.41987008
68 74         1.26685709
68 73          1.2265058
68 72        0.742548115
68 77        0.741097012
69 159         1.84505775
69 72         1.77818719
69 73         1.19219713
69 71         1.60357768
70 74         1.89737114
70 64         1.66645554
70 73         1.39215375
70 72         1.47595829
71 61         1.62683671
71 59         1.56339987
71 69         1.60357768
71 76        0.970429175
72 77         1.45818304
72 74         1.26553262
72 68        0.742548115
72 73        0.611503053
73 70         1.39215375
73 68          1.2265058
73 69         1.19219713
73 72        0.611503053
74 72         1.26553262
74 67         1.12967648
74 66          1.0940822
74 75        0.883946321
75 66         1.34866846
75 74        0.883946321
75 65        0.683278378
75 67         0.41987008
76 77         1.37139982
76 61         1.26146998
76 59        0.949950719
76 71        0.970429175
77 60         1.39439953
77 76         1.37139982
77 68        0.741097012
77 51         1.23846686
78 329         2.28319096
78 86         1.76820994
78 80        0.787803824
78 81         1.16734612
80 70         2.43649995
80 81         1.79984724
80 78        0.787803824
80 86         1.11848801
81 80         1.79984724
81 329         1.51222235
81 78         1.16734612
81 333         1.34033209
86 282         1.87568128
86 19         1.87517318
86 78         1.76820994
86 80         1.11848801
87 89         1.95921965
87 65          1.8759576
87 60         1.23332376
87 51         1.73433825
89 67         3.62429122
89 60         3.13458953
89 65         3.25181693
89 87         1.95921965
90 18         1.39643964
90 95         1.38791931
90 94         1.15297669
90 97         1.26255906
91 94         1.29944621
91 245         0.99268418
91 95         1.24285453
91 295        0.863858929
92 95         1.90686914
92 18         1.87543181
92 212         1.59927374
92 98         1.33898333
93 123        0.992972916
93 115        0.911622346
93 99         0.44673164
93 114        0.545267158
94 91         1.29944621
94 97         1.19302464
94 90         1.15297669
94 245         0.75409065
95 90         1.38791931
95 91         1.24285453
95 18        0.460366756
95 295        0.686679903
96 204         1.91480608
96 198         1.84500149
96 203         1.45824516
96 98         1.45444549
97 90         1.26255906
97 94         1.19302464
97 271        0.952247592
97 99        0.971678154
98 95         1.49877938
98 96         1.45444549
98 92         1.33898333
98 295         1.11765921
99 271         1.21275543
99 114        0.977180251
99 93         0.44673164
99 97        0.971678154
100 90         1.97977496
100 217         1.76780567
100 263         1.73002556
100 18         1.74827075
101 187         2.46145196
101 103         1.63379608
101 109         1.41044128
101 193          1.4725504
103 189          2.3268464
103 190           1.965308
103 101         1.63379608
103 193         1.83358506
104 107         2.16200623
104 113         1.50494025
104 106         0.55084347
104 111         1.11139126
105 106          4.4347008
105 101         4.38951465
105 113         2.83929284
105 104          4.0061605
106 113         1.74652233
106 107         1.63851051
106 104         0.55084347
106 111        0.851746627
107 104         2.16200623
107 108         1.52956712
107 106         1.63851051
107 111         1.36555734
108 104         2.87767639
108 111         2.59330476
108 106         2.35225317
108 107         1.52956712
109 103         3.04220167
109 193         2.39122705
109 101         1.41044128
109 187         2.04269292
111 113         2.55711975
111 107         1.36555734
111 106        0.851746627
111 104         1.11139126
113 105         2.83929284
113 111         2.55711975
113 104         1.50494025
113 106         1.74652233
114 126        0.922582319
114 123         0.72048511
114 93        0.545267158
114 115        0.366359732
115 93        0.911622346
115 123        0.732162365
115 114        0.366359732
115 126        0.576969425
116 262         0.98836802
116 126        0.690768168
116 129        0.604292608
116 264        0.477365822
118 115        0.949535305
118 128        0.887612111
118 126        0.633998999
118 129        0.684960485
119 122        0.844262777
119 130        0.681491291
119 128        0.482772816
119 131        0.569890666
120 129         1.17909523
120 122         1.12872676
120 264        0.959035083
120 116         0.98932914
121 141          1.5559741
121 131         1.49412102
121 144         1.06238889
121 122         1.02158882
122 129         1.07221833
122 121         1.02158882
122 128        0.711882832
122 119        0.844262777
123 93        0.992972916
123 115        0.732162365
123 114         0.72048511
123 247        0.695152237
124 237         1.56629115
124 266         1.35354157
124 120         1.26232499
124 272        0.319395568
125 130         1.24143023
125 9         1.23070252
125 3        0.582481592
125 247        0.837669142
126 116        0.690768168
126 118        0.633998999
126 129        0.632987484
126 115        0.576969425
127 119         1.43660651
127 131        0.867577032
127 147         1.23478527
127 141        0.842437348
128 118        0.887612111
128 129         0.74733452
128 119        0.482772816
128 122        0.711882832
129 128         0.74733452
129 118        0.684960485
129 126        0.632987484
129 116        0.604292608
130 3         1.10290469
130 128        0.939048025
130 119        0.681491291
130 131        0.912480253
131 128         1.03760938
131 130        0.912480253
131 119        0.569890666
131 127        0.867577032
133 145        0.793976246
133 143        0.623611978
133 134       0.0669070922
133 135        0.239446988
134 145        0.823033042
134 143        0.583726594
134 133       0.0669070922
134 135        0.304131397
135 143        0.832668687
135 145        0.801487118
135 133        0.239446988
135 134        0.304131397
136 141         1.35217096
136 148        0.976546644
136 137        0.701981892
136 144        0.976173917
137 149         1.41057617
137 160         1.32206937
137 136        0.701981892
137 148         1.01750922
140 234         1.76979738
140 237         1.52350513
140 121         1.76733833
140 144         1.46209609
141 136         1.35217096
141 144         1.30046273
141 147         0.93308352
141 127        0.842437348
143 145        0.751601659
143 134        0.583726594
143 133        0.623611978
143 147        0.511613524
144 140         1.46209609
144 141         1.30046273
144 136        0.976173917
144 121         1.06238889
145 134        0.823033042
145 133        0.793976246
145 135        0.801487118
145 143        0.751601659
147 133         1.11530829
147 134         1.06585686
147 141         0.93308352
147 143        0.511613524
148 149          1.7102869
148 144         1.56022043
148 137         1.01750922
148 136        0.976546644
149 137         1.41057617
149 161         1.22288187
149 154         1.36698469
149 158        0.811751681
150 154         1.08340356
150 158        0.668217963
150 156        0.399218372
150 162        0.446187428
151 177          1.9199341
151 159         1.54500972
151 56         1.12336205
151 152         1.20712433
152 162         1.09005075
152 159         1.06961163
152 154         0.98928721
152 156         1.00733742
153 154         1.99709846
153 159         1.97889195
153 155         1.50257953
153 161         1.61950035
154 152         0.98928721
154 156        0.958165408
154 155        0.698219832
154 158         0.92908861
155 153         1.50257953
155 152         1.15687167
155 154        0.698219832
155 159        0.832140539
156 182         0.93432168
156 158        0.933300045
156 162        0.190018607
156 150        0.399218372
158 156        0.933300045
158 149        0.811751681
158 154         0.92908861
158 150        0.668217963
159 151         1.54500972
159 154         1.33325539
159 155        0.832140539
159 152         1.06961163
160 137         1.32206937
160 145         1.28742276
160 150         1.14417743
160 158         1.11561388
161 158          1.9586731
161 153         1.61950035
161 148         1.76938928
161 149         1.22288187
162 158         1.06492023
162 182        0.749649731
162 156        0.190018607
162 150        0.446187428
163 169        0.797253799
163 175         0.66871246
163 171        0.462726186
163 170         0.64696596
164 174         1.27909361
164 165         1.00747791
164 173         1.17544774
164 168         0.81913764
165 168         1.13995114
165 164         1.00747791
165 252         1.00342935
165 254          0.8753665
166 174         0.70256508
166 6        0.503032867
166 175        0.641393373
166 13        0.484019079
167 261         0.94795081
167 163        0.935817178
167 169        0.749707254
167 171        0.760124244
168 252          1.1458564
168 165         1.13995114
168 164         0.81913764
168 172         1.02081462
169 167        0.749707254
169 335        0.641561626
169 336        0.578483909
169 171        0.336308127
170 173        0.925543693
170 163         0.64696596
170 174        0.513663483
170 175        0.565519233
171 167        0.760124244
171 163        0.462726186
171 335        0.640328708
171 169        0.336308127
172 168         1.02081462
172 14        0.645492254
172 9        0.547027646
172 259         0.60464981
173 175         1.37467929
173 174         1.21268986
173 164         1.17544774
173 170        0.925543693
174 163        0.811174509
174 166         0.70256508
174 175        0.206258325
174 170        0.513663483
175 163         0.66871246
175 166        0.641393373
175 174        0.206258325
175 170        0.565519233
176 179          1.5534351
176 184         1.44697482
176 186        0.776033963
176 181         0.88855624
177 52         1.94640141
177 151          1.9199341
177 56         1.68120993
177 178         1.28595157
178 177         1.28595157
178 182         1.24743518
178 184        0.708048566
178 185        0.907992622
179 180         1.25557833
179 11         1.24417894
179 183         1.11670348
179 186         1.01433431
180 133         1.30100655
180 179         1.25557833
180 181         1.03183473
180 135         1.08136615
181 186         1.28295823
181 184         1.27879881
181 176         0.88855624
181 180         1.03183473
182 184         1.07982533
182 156         0.93432168
182 185        0.594105938
182 162        0.749649731
183 11         1.32196249
183 179         1.11670348
183 186        0.895341127
183 340         1.05179989
184 181         1.27879881
184 182         1.07982533
184 185        0.499978387
184 178        0.708048566
185 162         1.28315584
185 178        0.907992622
185 182        0.594105938
185 184        0.499978387
186 181         1.28295823
186 179         1.01433431
186 176        0.776033963
186 183        0.895341127
187 101         2.46145196
187 216          2.0555434
187 109         2.04269292
187 193         2.04263161
188 189         2.17968228
188 190         1.90810561
188 194        0.525043177
188 191         1.59602558
189 193         1.41631229
189 190         1.22522309
189 191         0.94522978
189 192         1.17105025
190 103           1.965308
190 188         1.90810561
190 189         1.22522309
190 191         1.69593275
191 201         1.55658347
191 194         1.40714582
191 192        0.841187436
191 189         0.94522978
192 201         1.34447221
192 189         1.17105025
192 191        0.841187436
192 208         1.13003145
193 192         2.03171662
193 103         1.83358506
193 189         1.41631229
193 101          1.4725504
194 192         2.14402703
194 201         1.98806266
194 188        0.525043177
194 191         1.40714582
196 345        0.878967118
196 197        0.787684831
196 207        0.737663497
196 205        0.289614057
197 208        0.738108497
197 205        0.499581033
197 207        0.292353564
197 201        0.477914948
198 206            1.68239
198 202         1.29870016
198 204         0.82770207
198 203        0.944853961
199 203         1.95957345
199 345          1.8605075
199 257         1.49097804
199 258         1.45853238
200 207         1.89911684
200 196         1.75475608
200 197         1.63012884
200 205         1.69042157
201 205        0.945601521
201 197        0.477914948
201 207        0.533088683
201 208        0.414909035
202 345         1.46803505
202 198         1.29870016
202 206        0.987286865
202 204         1.07481523
203 345         1.39887566
203 206         1.29994752
203 204        0.480373971
203 198        0.944853961
204 202         1.07481523
204 206        0.945222972
204 198         0.82770207
204 203        0.480373971
205 201        0.945601521
205 197        0.499581033
205 207        0.468710539
205 196        0.289614057
206 202        0.987286865
206 196          0.9239458
206 204        0.945222972
206 345        0.481555658
207 208        0.605397435
207 201        0.533088683
207 197        0.292353564
207 205        0.468710539
210 211         2.45366816
210 243         2.37436455
210 215         1.05011088
210 213         1.91795612
211 224         2.53568733
211 210         2.45366816
211 218         1.23902428
211 222         2.02585085
212 203          2.4857912
212 96         2.42703439
212 92         1.59927374
212 198         1.70432359
213 210         1.91795612
213 263         1.72975798
213 217         1.39231671
213 268         1.65883684
214 216         6.08769417
214 101         5.94689879
214 109         4.54914014
214 187         4.72799269
215 267         2.49515975
215 213         2.32290571
215 210         1.05011088
215 243         1.32439158
216 192         2.16130735
216 208          2.0579445
216 187          2.0555434
216 202         1.72811178
217 268         1.80494691
217 100         1.76780567
217 263        0.933335927
217 213         1.39231671
218 223         1.76181319
218 224         1.29752354
218 222        0.787367308
218 211         1.23902428
221 30         1.67361942
221 40         1.52459838
221 38        0.634005147
221 39         1.43392662
222 225         1.90032627
222 223         1.00321809
222 218        0.787367308
222 224        0.519968256
223 218         1.76181319
223 225         1.11875798
223 224        0.489868204
223 222         1.00321809
224 225          1.4299502
224 218         1.29752354
224 223        0.489868204
224 222        0.519968256
225 221           1.815088
225 224          1.4299502
225 223         1.11875798
225 29         1.42601672
233 29         2.36111583
233 35          2.1299603
233 41         1.56795476
233 33         1.94614696
234 140         1.76979738
234 241         1.67583393
234 237         1.48378806
234 240         1.65915211
235 241         1.47122715
235 39         1.40584352
235 38         1.31210833
235 236         1.31286412
236 275         1.91203605
236 279         1.33780181
236 235         1.31286412
236 273         1.23263368
237 238         1.41187574
237 241         1.29242987
237 239        0.748034302
237 240         1.08443971
238 237         1.41187574
238 239        0.689820154
238 240        0.555400015
238 241        0.614680186
239 241        0.819054456
239 237        0.748034302
239 240        0.591732029
239 238        0.689820154
240 237         1.08443971
240 239        0.591732029
240 238        0.555400015
240 241        0.231343851
241 237         1.29242987
241 239        0.819054456
241 240        0.231343851
241 238        0.614680186
242 39            2.04434
242 267         1.89907591
242 238         1.77399933
242 243         1.71734367
243 210         2.37436455
243 242         1.71734367
243 215         1.32439158
243 267         1.60379546
244 256         1.36922583
244 248         1.12227842
244 246        0.705858191
244 260        0.575283347
245 248         1.09303285
245 91         0.99268418
245 251         1.04757499
245 94         0.75409065
246 248         1.74103596
246 260        0.877157972
246 244        0.705858191
246 256        0.875029725
247 118         1.25154647
247 249         1.12074203
247 125        0.837669142
247 123        0.695152237
248 244         1.12227842
248 245         1.09303285
248 255        0.451824001
248 260        0.949073666
249 251         1.20391371
249 247         1.12074203
249 255         0.93176035
249 259        0.952944251
251 123         1.18202039
251 248         1.15124028
251 245         1.04757499
251 255         1.13243168
252 254         1.21081524
252 168          1.1458564
252 165         1.00342935
252 259         1.07419979
253 165         1.87306446
253 258         1.75727504
253 254         1.07448106
253 256         1.37883019
254 256         1.34047335
254 252         1.21081524
254 253         1.07448106
254 165          0.8753665
255 260         1.14501324
255 251         1.13243168
255 248        0.451824001
255 249         0.93176035
256 244         1.36922583
256 254         1.34047335
256 246        0.875029725
256 260         1.11203058
257 256         3.06638333
257 253         2.25979306
257 258        0.674722353
257 199         1.49097804
258 256         2.40823634
258 253         1.75727504
258 257        0.674722353
258 199         1.45853238
259 252         1.07419979
259 9         1.00328157
259 249        0.952944251
259 172         0.60464981
260 256         1.11203058
260 246        0.877157972
260 248        0.949073666
260 244        0.575283347
261 171         1.19132154
261 167         0.94795081
261 336        0.865592857
261 169        0.890698271
262 115         1.26347306
262 126         1.20531728
262 264        0.752786766
262 116         0.98836802
263 100         1.73002556
263 213         1.72975798
263 217        0.933335927
263 268         1.14340033
264 129          1.0719622
264 262        0.752786766
264 120        0.959035083
264 116        0.477365822
265 262          1.5350984
265 271        0.845196898
265 269        0.274231013
265 270        0.729790583
266 267         1.47910369
266 264         1.46081218
266 124         1.35354157
266 272         1.17816951
267 265          1.6179267
267 243         1.60379546
267 266         1.47910369
267 269         1.44945593
268 213         1.65883684
268 269         1.46480111
268 263         1.14340033
268 270        0.963055191
269 267         1.44945593
269 271         1.03132892
269 265        0.274231013
269 270        0.575670635
270 271         1.01539231
270 268        0.963055191
270 269        0.575670635
270 265        0.729790583
271 269         1.03132892
271 97        0.952247592
271 270         1.01539231
271 265        0.845196898
272 237         1.58673996
272 120          1.5026093
272 266         1.17816951
272 124        0.319395568
273 236         1.23263368
273 285         1.20876804
273 279         1.06561925
273 275        0.977992906
274 284         1.01671748
274 294        0.759605895
274 276        0.576249948
274 283        0.615856814
275 19         1.88318838
275 285         1.40676422
275 273        0.977992906
275 278         1.12411865
276 283         1.18485579
276 294         1.02431813
276 284        0.441603979
276 274        0.576249948
278 275         1.12411865
278 290         1.04300339
278 285        0.646906548
278 19        0.896427653
279 284         1.51454132
279 236         1.33780181
279 273         1.06561925
279 37         1.33455487
280 294         1.03721502
280 293         1.03395326
280 283        0.531272213
280 291        0.856309956
282 19         1.30760649
282 293        0.812368058
282 286        0.805592921
282 292        0.808029812
283 291        0.809693337
283 294        0.779636992
283 280        0.531272213
283 274        0.615856814
284 294         1.33968242
284 290         1.30711589
284 276        0.441603979
284 274         1.01671748
285 19         1.34888867
285 273         1.20876804
285 278        0.646906548
285 290         0.60103316
286 292        0.926154686
286 282        0.805592921
286 293        0.369083766
286 294        0.697502128
289 329         2.34630243
289 333         2.13623481
289 324         2.05130102
289 325         1.51776212
290 286         1.09300427
290 294         1.04619711
290 278         1.04300339
290 285         0.60103316
291 294         1.58929156
291 274         1.21382193
291 280        0.856309956
291 283        0.809693337
292 280         1.18692378
292 286        0.926154686
292 282        0.808029812
292 293        0.602897147
293 282        0.812368058
293 294        0.803499617
293 286        0.369083766
293 292        0.602897147
294 293        0.803499617
294 283        0.779636992
294 274        0.759605895
294 286        0.697502128
295 18         1.14094113
295 98         1.11765921
295 95        0.686679903
295 91        0.863858929
298 42         13.7352367
298 34         11.6206533
298 32         11.4154175
298 304         3.24417069
304 42         16.9233571
304 34         14.8081054
304 298         3.24417069
304 32         14.6047144
312 289          10.989348
312 326          10.621991
312 318         9.18987802
312 325         9.48073429
318 289         2.93142524
318 328         2.92407742
318 326         1.54982532
318 325         2.01925712
324 333         2.61917446
324 289         2.05130102
324 332        0.596562285
324 329          1.1357231
325 324         3.28802835
325 326         2.97334788
325 318         2.01925712
325 289         1.51776212
326 324         2.92718692
326 332         2.50213284
326 318         1.54982532
326 328           1.375454
328 318         2.92407742
328 324         2.77630507
328 326           1.375454
328 332         2.19782637
329 333         1.84936175
329 332         1.69006395
329 324          1.1357231
329 81         1.51222235
332 289         2.37906556
332 328         2.19782637
332 329         1.69006395
332 324        0.596562285
333 289         2.13623481
333 292         1.69010491
333 329         1.84936175
333 81         1.34033209
334 169         1.11604859
334 335        0.657116463
334 336        0.740435115
334 341        0.428765852
335 336        0.685207193
335 334        0.657116463
335 169        0.641561626
335 171        0.640328708
336 334        0.740435115
336 341        0.736458529
336 169        0.578483909
336 335        0.685207193
337 341         1.33210085
337 334         1.29660689
337 338        0.670830897
337 340        0.794366244
338 342         1.50972803
338 340         1.17566637
338 337        0.670830897
338 343        0.909145523
339 336         1.23749049
339 342         1.22052641
339 344        0.598164482
339 341         1.05691039
340 338         1.17566637
340 183         1.05179989
340 337        0.794366244
340 11        0.910294762
341 339         1.05691039
341 335        0.992528612
341 336        0.736458529
341 334        0.428765852
342 344         1.54385159
342 338         1.50972803
342 343         0.97818445
342 339         1.22052641
343 23         1.75865049
343 337         1.51095465
343 338        0.909145523
343 342         0.97818445
344 341         1.62871233
344 342         1.54385159
344 261         1.44477778
344 339        0.598164482
345 204            1.18863
345 205         1.16825386
345 206        0.481555658
345 196        0.878967118
208 205         1.07361448
208 197        0.738108497
208 207        0.605397435
208 201        0.414909035
